a = [[1,2,3,4,5,6,7,8];[1,2,3,4,5,6,7,8]]

b = [[1,2,3,4,5,6,7,8];[1,2,3,4,5,6,7,8]]

add = a+b

sub = a-b

mul = a*2

